6329.9	5944	8800	8800	8800	8800	8800	8800	8800	8800	8800	8800	8800	8341.1	7239.4	6221.1	6991.5	6299.2	3817.4	4473	6535.3	5139.4	6190.6	7455.1	7873.7	7182.6	8800	8800	8800	8800	8800	6814.1	6379.8	7407	6468.1	6888.8	7488	6913	6902.1	6418.1	6342.6	6297.1	6811	4988.2	6707	5574.2	7026.3	8800	8800	8800	8800	8800	8800	8800	8800	8800	8800	8800	8800	8800	8800	8800	5328.2	3414.3	2683.4	4212.9	4223.9	8800	8800	8800	8800	8800	8800	8800	8800	8342.8	5898.6	4524.4	6746.8	6853.6	6294.2	6490.7	6843	6566.1	7012.2	7141	5664.7	8115.6	8324.7	8800	8800	8800	8800	8800	8200.4	7092	2386.8	3245.6	3152.8	4315.8
8800	8800	8800	8800	8800	8222.7	2672.2	1635.7	5982.7	6341.3	8800	8800	8800	8800	8800	8800	8800	8800	8800	8800	8800	8047.7	7557.1	6978	7719.1	7645.6	7800.1	8800	8069.4	7740.5	8023.2	7630.7	6492.9	8413.9	8212.6	6858.3	8800	8800	8800	8800	8800	8800	8800	8800	8800	7304.2	7035.8	5001.4	7407.7	7451.1	8103.4	6627.3	6312.4	6288.8	6406	7524	7357.6	8427	6556.1	8800	8800	8800	8800	8800	8800	8800	8800	8800	8800	8800	8800	8800	8800	8800	8800	8800	8800	8800	8800	8800	8800	8800	8800	8026.4	7544.7	6100.9	5987.7	4606.2	6066.5	5816.1	6980.7	6622.4	6446.4	5860.9	5675.2	8303.1	8681.3	8800	8800	8800
2122.7	5289.8	5093.3	4801.5	6121	6342.7	5670.2	6561	6994.5	5076.8	6367.6	5426.7	4824.4	3810.5	5993.5	8800	8800	8800	8800	8800	6236.5	4548.7	4143	1965.1	3115.1	4790.1	8800	8800	8800	8800	8800	8800	8800	8800	8800	8800	8800	8800	8800	8800	8800	8800	8527.9	7719.6	6369.3	5158.2	4761.8	5220.1	5420.1	5869.7	6683.5	5845.4	6809.1	6273.3	7481	7130.1	8607.9	8800	8800	8800	8800	8800	8800	8800	8800	8800	8800	8800	8800	8800	8800	8800	8800	8681.5	7643.4	7635.8	5590.1	7621.6	6654.5	8800	7345.2	8800	7683.4	8411.8	7712.1	8449.3	7047.3	8282.3	8645	7946.7	8800	8800	8800	8800	8800	8800	8800	8800	8800	4859.2
5086.6	8720	8800	8800	8800	8800	8800	8800	8800	7957.6	2797.9	4135.9	6274	8800	8800	8800	8800	8800	8800	8800	8800	8800	8800	8800	8800	8800	8800	8800	8800	8493	7214.1	8683.4	7258.5	8078.6	7067.9	8787.3	6358.8	8758.4	7127.2	8800	7471.2	8800	7894.8	8390.4	8757.4	8611.7	8800	8800	8800	8800	8800	8800	8800	8800	8800	8800	8800	8800	8800	8800	8800	8800	8800	8800	5975.3	5025.4	5154.7	4156.5	3850.2	4923.3	6623.3	5527.6	8116.4	7748	7760.5	6003.5	7886	5147.8	7062.4	5752	8800	7795.9	8800	8800	8800	8800	8800	8800	8800	8759.9	8800	8800	8800	8800	8800	8800	8800	8800	8800	6281.9
8800	8800	8800	8800	8800	8800	8800	8800	8800	8800	8800	8800	8800	8800	8800	8800	5676	4341.4	4194.3	8800	8800	8800	8800	8800	8800	8800	8800	8800	8800	8800	8800	8800	8800	8800	8800	7525.6	8145.2	7820.9	7415.2	7870.1	8800	7354.9	7446.9	7821.7	7394	6519.4	7317.4	8028.7	7613.3	8800	8800	8800	8800	8800	8800	8800	8800	8800	6220.3	3981.9	3007.8	4169.4	5939.4	8412.3	8800	8800	8800	8800	8800	8800	8800	6599	7259.2	6274.9	6855.4	8652.2	7772.2	8106.9	8334.7	8460.5	7989.9	8800	8074.2	8208.3	8005.1	8800	7844.9	8778.9	8126.8	8800	7965.8	8191	8336.5	8608.3	8800	8712.3	8800	8800	8800	8800
4988.3	7151.7	8800	8800	8800	8800	8800	8800	8800	8800	8800	8800	8800	8800	8800	8800	8800	8800	8800	8800	8800	8800	8800	8800	8800	8800	8800	5428.8	6582.9	4160.2	2375.5	3698.2	3489.8	4270.4	5002.8	8800	8800	8800	8800	8800	8800	8800	8800	8800	8800	8800	7314.4	6983.3	5641.3	5626	5277	6065.3	6203.6	6034	6007.3	5906.4	6171.7	6908.1	6549.8	7588.2	7624.8	8800	8800	8800	8800	8800	8800	8800	8800	8800	8800	8800	8800	8075.3	7482.3	6871.6	6064.9	5954.6	6270.9	5948.4	6836.7	7226.9	8035.1	6496.6	5981.7	5986.2	6886	5818.5	5767.9	6083.7	4493.7	3492.9	4068	5274.9	4242.3	4422	6338.8	8016.7	8800	8800
8800	8800	6982.9	8800	8800	8800	8800	8800	8155.7	7950.1	7168	7420.4	7967.3	6450.5	7739	7899	6602.1	8089	7762.7	6379.9	6547.3	8288.1	8800	8800	8800	8800	8800	8800	8800	8800	8800	8800	8800	8800	8800	8800	8800	8800	8800	8800	8800	8617.4	8800	8535.5	8800	8348.1	8573	8800	8592.4	7340.3	7883.2	8377	6790.8	7371.2	8342.6	8006.7	8052.3	8800	8026.9	8800	8800	7622	7956.6	8800	7627.3	7755.9	8800	8321.1	8800	7821.7	8076.6	8800	8207.8	8162.6	8800	8800	7711.6	8800	8800	8800	8800	8800	8800	8800	8800	8800	8800	8800	8800	8800	8800	8800	7136.3	4947.4	5222.4	3160.8	2657.3	3177.8	2928.9	4024.8
4384.1	5634	5993.8	6105.1	6210.4	6515.9	6217.5	6264.7	5725.7	5573.3	5458.4	6178.5	5829	5680.9	5309	4939.7	4951.1	6100.8	8315.2	8800	8800	8800	8800	8800	8800	8800	8800	7904.7	5595.6	4981.5	6951.3	6328.8	5234.1	5559.5	5855.5	3249.9	4690.4	4938.3	6875	8800	8800	8800	8800	8800	8800	8800	8800	8800	8800	8800	8800	8800	8800	5993	7022.9	5827.7	6545.7	4968.8	4894.8	5407.9	5662.9	4739.9	6653.5	6126.3	6456.9	8800	8800	8800	8800	8800	8800	8800	8800	8800	8800	8800	8800	8800	8623.3	8557.7	7373.1	6519.7	6717.9	6022.5	4665	5165.7	5491.1	5434	7919.6	8066.9	8800	8800	8800	8800	8800	8800	8800	8800	8800	8800
6570	7334	5340.8	5896.5	5087.4	4083.9	2597.4	3518.3	2194.5	2363.5	5417.7	5581.4	7816.8	7684.7	8800	6505	8744.8	6090.2	7513.9	5307.5	6282.5	4234.2	4630.9	5264.7	6685.3	8800	8800	8800	8800	8800	8800	8800	8800	8800	8800	8800	8800	6865.6	7034.8	6377.7	8118.6	7611	8800	8178.8	6817.4	6468.9	6287.5	5356	5342.1	7929.9	6414.2	7324.9	5643.6	8127.5	8800	8800	8800	8800	8800	8800	8800	8800	8800	8800	8800	8800	8800	8800	8800	8800	8800	8800	8800	8800	8800	8800	8800	8800	8800	8800	8800	8800	8800	8800	8800	3929.3	3273.7	3317.9	4172.3	4702.3	6468.4	6707.8	6552.5	5115.5	4684.1	2896.8	2192.7	743.1	875.71	4306.6
8800	8800	8800	8800	8800	8800	8800	8800	8800	6591.7	6148.5	5011.8	5192.1	4938.7	5705	5728.2	5207.5	6986.3	8490.9	7280	8367.2	7263.8	6957.7	6745.5	6330.3	6471.4	7564.4	7076.6	6247.5	7021	8376.7	7850	8800	8725.3	8800	7318.1	6263.6	6258.7	8363.3	8800	8800	8800	8800	8800	8800	5853.7	7570.3	5861.9	6992.2	7613.9	8540.5	7733.5	7807.1	7582.3	6198.4	5888.1	6013.2	5147.6	6831.2	7498.8	7041.7	6719.6	6280.7	4007.6	3593.7	3530.2	3286.5	4776.9	4677.6	6524	8800	8800	8800	8800	8800	8800	8800	8800	8800	8800	8800	8800	8800	8800	8800	8800	8800	8800	8800	8800	8800	8800	8800	8800	8800	4820	5105.5	5644.3	5113.5	4813.5
8800	8800	8800	8800	8800	8800	8800	8800	8800	8800	8040.1	6720.4	7361.1	7045.2	6946.8	8223.1	7867.3	6468.7	6569.7	8784	7168.9	6356	8800	8800	8800	8800	8800	8800	8800	8800	8800	6284.8	4647.7	7878.2	6055.9	5115.4	6868.8	7577.5	5751	6256	7313.2	7145.7	7395.1	7580.1	8042.1	7841.4	8565.2	8253	7759.8	8800	8647.7	8626.6	7759.9	7852.1	7352	8800	8151.9	8800	8800	8800	8800	8800	8800	8800	8800	8800	8800	2104.5	3590.5	5597	7902.5	8800	8800	8800	8800	8800	8800	8800	8800	8800	8800	8800	8800	8800	8438.2	7331.9	5896.1	6958.5	5146	4794.6	4745	4662.3	3627.4	6252.1	6457.8	7820.6	7752.8	8343.5	5518.5	3972.4
4220.7	7748.6	8800	8800	8800	8800	8800	8092.9	7435.3	5608	7101.4	7023.1	5928.7	7846.8	7787.1	7079.3	8376.6	8122.2	8613.3	7858.6	8736.6	8800	8800	8800	8800	8800	8800	8800	8800	8800	8800	8800	8800	7191.9	6474.8	8116.4	7653.7	7478.7	6533.5	8800	7265.2	8562.7	7158.6	8343.5	6999.9	7702	7432.1	7115.5	6693.9	7449	7269.9	8800	8800	8800	8800	8800	8800	8800	2924.5	2482.9	8637.9	8800	8800	8800	8800	8800	8800	8800	8800	8800	8800	8800	8800	7901.1	8424.3	7102.1	7669.4	7446.3	7762.7	6409.3	7101.6	6186.3	6810.2	7418.3	8800	8800	8800	8800	8800	8800	8800	8800	6213	5772.5	5162.6	6013.1	6133.9	4978.2	3449.6	2752.4
8800	8800	8800	8800	8800	8800	8800	8800	5731.7	4991.5	6197.6	6030.7	6178.5	5829.8	5543.4	4439.7	5319	4955.7	5727.2	8044.3	8499.5	8635.5	8540.8	8800	8744.1	8800	8800	8243	6822.9	6506.1	4977.3	5195.3	5681.3	6217.5	6037.9	6189.7	6432.2	5539.7	4425.9	5705.2	5886.4	8800	8800	8800	8800	8800	8800	8800	8800	8800	8800	7300.7	8345.5	6984.9	6373.8	4714.5	4719.1	5846.1	5242.2	5187.9	4901.1	5504.1	8619.3	8800	8800	8800	8800	8800	8800	8800	8800	8800	8800	8800	8800	8800	8800	8800	8800	8308	6343.7	4538.7	3913.4	8800	8800	8800	8800	8800	8800	8800	8800	8800	8800	8800	8800	8800	8800	8800	8699.9	8800
8800	8800	8800	8800	8800	8800	8800	8800	8800	8800	8800	8800	8800	8800	8800	8279.7	7652.9	6228.5	6307.9	7323.9	6366.8	7828.5	6686.8	6593.6	5771.9	5825.6	4710.3	5520.2	7083.2	8800	8800	8800	8800	8800	8756.8	6593.2	8315.5	6120	6426	6671.5	8318.5	6570.6	8800	8422.9	8118.9	6787.1	7020.4	5212.1	6351	5677.8	6820.5	7294.3	8056.5	8081.2	8731.9	8800	8800	8201	7901.9	8289.2	6696.1	7443.4	7934	8339.5	7396.3	8800	8015.2	8800	8221.4	8800	8800	8800	8800	8800	8800	8800	8800	8800	8800	8800	8800	5380.6	3592.6	1829	2246.1	4658.7	8800	8800	8800	8800	8800	8800	8800	8800	8800	6205.9	2878.6	4175.4	4839.8	4365.9
4658.4	8800	8440.7	8800	8800	8800	8600.7	8800	8800	8800	8800	8800	8627.2	8649.1	7413.4	7541.4	8285.1	7536.3	8044.5	7986.7	8668.6	7847.9	8800	8491.5	8279.6	7600	6620	7656.4	8016.5	8800	8800	8800	8800	8800	8800	8800	5982.7	6670	6195.2	8207.9	6971.6	5896.8	5810.1	7279.9	4852.9	5549.2	6905.5	7475.5	4881	6906	6209.7	5173.6	3434.1	5359.8	5454.2	6152.5	6111.2	8359.3	8664	8800	8800	8800	8800	8800	8800	8800	8800	8800	8800	8800	8800	8800	8800	8800	8800	8800	8800	8800	8800	8800	8800	8800	8800	8800	7308.1	3614.5	3677.8	4027.7	3837.2	4225.9	5222.4	5387.1	4080.3	4952.5	5447	3972.1	3731.7	3501.9	3531.1	5038.7
8800	8800	8800	8800	8800	6608	5957.1	4837.2	6444.2	6259.7	6299.4	5607.2	5255.7	5792.2	4929.7	4938.5	7915.1	7320.4	6812.9	7479.1	8442.7	5398.6	7127.4	6302.4	4882.8	4253.1	4149.5	2755.8	5065.1	5089.1	4450.7	8800	8800	8800	8800	8800	8800	8800	8800	8800	8800	8800	8800	8546.2	8800	8800	8800	8800	8800	7627.3	5097.9	6756.5	5567	5551	4742.1	6176.5	6324	6329.3	5720	6321.1	5255.8	5315.7	6438.6	8800	8800	8800	8800	8800	8800	8800	8800	8800	8800	8800	8800	8800	8800	8800	8800	8800	8800	8800	8800	8800	8800	8800	8800	8800	4947.3	6439.9	6375.2	5134.1	6632	7165.8	5387.4	4939.2	6921.4	6377.9	7418.1	8312.9
8800	8800	8800	8800	8800	8800	8800	8800	8800	8800	8800	7277.6	4143.3	4772.5	4217.2	5508.9	5415.7	7249.7	7240	6878.2	6239.1	8414.8	7111.4	8189.9	8590.1	7915.6	5557	4553.5	3219.5	2750.6	3760.7	8800	8800	8800	8800	8800	8800	8800	8800	8800	8800	8800	8800	8800	8702.4	7196	8662	7775.7	8800	8394.5	8102.2	7800.2	7936.4	7862.2	7492.1	8491.7	8457	7652.4	6863.4	7138.9	7057.5	6750.9	8128.7	8800	8800	8800	8800	8800	8800	8800	8800	8800	8800	8800	8800	8800	8800	8800	8800	6822.8	6067.8	5236.2	6435.9	6001.1	5116.2	8038.3	8800	8800	8800	8800	8800	8800	8800	8800	8800	7209.6	5078.7	5174.2	7246.6	6204.9
8800	8800	8800	8800	8800	8800	8800	8800	8800	8800	8800	8800	8800	8800	8800	8800	8800	8500.4	6725	6296.8	6128.2	4893.4	5877.3	4863.2	6477.7	6908.8	7688.7	7027.5	8800	8800	8800	8800	8800	8800	8800	8800	8800	8800	8800	8800	8800	7555.3	7941.3	7005.5	6887.1	7266.5	7669.3	7397	8520.8	7681.1	8800	8800	8800	8800	8800	7974	8800	7878.2	8649	8800	8800	8618.9	8670.4	7782.5	8255.6	8623.8	8185.4	8800	8681.1	7576.6	7988.6	7477.7	7105.4	8594.3	8294.8	6625.6	8800	7232.3	5417.9	6379.1	7827	4370.7	8800	8800	8800	8800	8800	7658.3	7709.2	3068.6	4586.4	8274.8	8800	8800	8800	8800	8800	8800	5981.8	5480.6
333.86	8800	8800	8800	8800	8800	8800	8800	8800	8800	8800	8800	8800	8800	8800	8800	8800	8800	8800	8800	8800	8800	8800	7770	7252.5	7159.8	7474.5	6564.9	5975.4	6559.9	5880.8	6440.9	6990.3	7489	7211.9	7279.1	6776.7	7003.2	6329	4348.7	6179	4685.9	6162.2	6838.4	6954.5	7851	7919.4	7885.6	8294.1	8800	8800	8800	8800	8800	8800	8800	8800	8800	5101.4	4694	4231.7	4010.2	3735	3537.4	4161.1	4437.5	6033.3	5490.1	7884.2	7166	8800	6703	8079.4	5868.7	6181.4	7022.7	7636.2	6278.3	7116.3	6856.9	3789.9	5043.9	5934.2	6751.3	7498.7	8800	7221.8	6207	7521.9	6973.1	6058.6	6823.7	7567.1	5965.4	6000.2	6662.9	6992.5	6835.9	5811.7	7397.4
590.7	8800	8434.5	8800	8800	8800	8800	8800	8800	7673.9	8198.7	6576.6	5669	6190.9	7733.7	6193.2	7989.6	6149.8	5866.2	5514.3	4076.8	4081.4	4597.3	5351.7	5710.7	6114.4	6853.8	6901.8	7621.6	7885.6	8426.9	7464.1	6510	5894.5	5337.6	6083.9	6810.1	8057.5	8697.4	8492.6	7629	7688	6947.4	6860.5	6559.6	7480.7	5679.8	7297.8	8800	8800	8800	8800	8800	8800	8800	8800	8800	8800	8800	8800	8800	8800	8800	8800	8800	8800	8800	8800	8800	8800	8800	8800	8800	8800	8800	8800	8800	8800	7941.7	6462.9	3591.4	2893.2	5324.7	5265.6	5728.8	7225.9	8800	6052.7	5837.2	8800	8800	8800	8800	8800	8800	8800	7974.3	5230.8	6657.7	6431
169.31	8800	7074.7	8800	8800	8800	8800	8800	8800	8800	8800	8800	8800	8800	8800	8800	8800	8800	8800	8800	8800	8800	8800	8800	8800	8800	8800	8800	8800	8800	8800	7583.2	8136.8	6596.1	6588.5	6921.1	7634	6234.4	6239.9	7793.8	7773.4	6604.2	7816.8	8079.7	7019.8	7410.8	8370.2	7778.2	7667.5	8800	8800	8800	8800	8800	1105	2760.8	8800	8800	8800	8800	8800	8800	8800	8800	8800	8800	8800	8800	8800	8800	8800	8406.7	8800	8800	8800	8800	8800	8800	8800	8800	8800	8800	8800	8091.3	7235.2	7458.1	6421.1	5261.1	5634.4	6914.2	5981.2	5346.1	6361	7690	6294.9	6116.9	8800	8800	8800	8800
930.72	7652.6	8800	8800	8800	8800	8800	8800	8800	8800	5371.5	4333.7	4116.2	4064.3	6010.9	6756.4	6997.8	6406.9	8800	8800	8800	8800	8800	8800	8800	8800	8800	8800	8800	8800	8800	8800	8800	8800	8800	8800	8800	8800	8800	8800	8800	8800	8800	8800	8800	8800	8800	8729	8800	7576.1	7939.9	7350.6	7704.7	8057.1	8186.1	6992.7	7412.9	7425.8	6551.2	7804.2	7064.7	7838	8080.5	8249.2	7477.7	8800	8114.3	8800	8080.7	8800	8800	8800	8800	8800	8800	8800	8800	8189.7	4125.6	5067.9	5965.8	5178.6	7320.9	8800	8800	8800	8800	8800	6307.3	6999.4	7298.3	5257.7	4526.5	5186.5	4431.1	6419.8	6506.4	7323.6	5554.2	7754.5
8800	8800	8800	8800	8800	8800	8800	2181.9	4144.7	5625	8800	8800	8800	8800	8800	8800	8800	8800	8308.6	8800	7415.2	8800	7265.8	7920	6238.5	8236.9	6767.4	7643.3	6373.5	6904.9	5276.6	7470	5806.7	8800	8800	8800	8800	8800	8800	8800	8800	8800	8800	8800	8418.2	8800	7524.3	6217.5	6215	6378.1	4268.4	6550.9	6640.6	5621.6	6714.5	8800	8800	8800	8800	8800	8800	8800	8800	8800	8800	8800	8800	8800	8800	8800	7798.1	8433.6	6982.8	8800	7040.6	8800	8256.4	8339.4	7934.6	7960.1	7089.1	7474.9	7439	7410.4	7957.5	6159.3	7669.4	7241.5	6618.6	8800	8800	7027.8	7779.2	6552.8	5233.7	6303.3	5621.1	4116.5	5975	5425
8211.6	8800	8800	8800	8800	8800	8800	8800	8800	8800	8800	8800	8800	8800	8800	8800	8800	8800	8344.4	6571.8	5723.5	5803.3	3996.9	4148.3	4747.1	5574.7	5632.7	6653.7	7820.1	7553	6775.7	5623.2	5285	3971.6	3703.8	3499.4	4898.4	5514.8	7011.3	6541.8	7600.4	8800	8800	8800	8800	8800	8800	8800	8800	8800	8800	8800	8800	8800	8800	8800	8800	8800	8800	8800	8800	8800	4210.7	4996.7	5125.5	6348.8	5485.2	6700.7	6285.1	6494.9	6751	7664.3	7037.8	8138.3	6904.5	7338	8800	8800	7638.6	7789.6	7509.9	5894.8	5643.1	4968.5	7213.7	5629.7	4260.7	5379.7	7242.4	5363.6	5379.6	7740.2	6513.3	8800	8800	8800	8800	8800	8800	8800
2810.9	5996.3	4625.2	4418.8	4919.2	5626	4457.6	5341.3	4767.7	5563.9	5992	8800	8800	8800	8800	8800	8800	8800	8800	8800	8800	8800	8800	8800	8800	8800	8800	8800	8800	8800	6445.2	8497.9	5642.2	7120.8	8053.7	8800	8099.2	8800	8470.2	8800	8697.7	7612	7326.2	8502.4	7925.3	8430.6	8800	8800	8800	8800	8714.1	8800	8800	8800	8800	8800	8800	8800	8800	8800	8800	8800	8800	8800	8800	8800	8800	8800	8800	8800	8800	8800	8800	8800	7055.1	6606.6	6606.2	6412.2	6158.5	5948.9	5521.6	6017.7	6249.5	8800	8800	8800	8800	8800	8800	8800	8800	8800	8800	4808.5	2900.1	3674.8	7733	8800	8800	8800
8800	8800	8800	8800	8800	8800	8800	8800	8800	8800	8800	6502.1	5200.4	5898.5	7978.6	6758.8	7326.9	8800	8800	8800	8800	8800	8054.1	7330	5451.7	4680.9	5232.3	4929.2	5862.7	3926.3	5978.1	8800	8800	8800	8800	8800	8800	8000.1	6299	4687.5	5360.9	4529.1	4371.5	5874.3	7150.4	8370.9	8800	8800	8800	8800	8800	8800	8800	8800	8800	8800	8800	8800	8800	8800	8800	8800	8800	8800	8800	8800	8800	8800	8800	8800	8561.8	8800	8423.9	8800	6947.3	8800	7752.2	7325.6	8230.6	7350	7907.1	7254.6	8562.1	7115.4	8800	7353	8800	8244.8	8525.9	5913.5	8451.8	7124.5	7940.4	7182.2	8421	7335.7	8426.4	8036	8800	8784.5
8800	8800	8800	8800	8800	8800	8800	8800	8800	8800	8800	8800	7676.4	5353.6	5808	4794.1	7371.5	6181.7	7849.9	8024.6	8717.2	8112.7	7778.4	7277.7	7884.7	7825.5	7123.7	8800	8800	8800	8800	8800	8800	7826.5	6370.3	4504.3	3945.9	4191.9	5087	5884.3	6972.7	8800	8800	8800	8800	8800	7418.7	5904.3	3753.5	4448.3	2702	1983.9	3617.1	3924	6390.5	8800	8800	8800	8800	8800	8800	8800	8800	8800	8542.4	6146.9	6389.9	6282.7	5676	4806.5	5003.5	6354	5642.7	6014.7	6449.7	7596.9	5985.8	6978.4	6793.8	8800	8800	8800	8800	8800	8800	8800	8800	8800	8800	8800	8800	8800	8800	8800	4564.7	4515.4	4389.5	3888.2	4551.3	4438.5
5207.1	8800	8800	8800	8800	8800	8800	8800	8800	8800	6741.7	5198.6	3383.7	3980.2	3931.7	4172.6	4781.1	7232	5275.6	5923.8	7012.2	7460.2	6237.8	7701.1	8800	8208.1	8800	8800	8800	8800	8800	8800	8800	8800	8800	8800	8800	8800	8800	8800	8800	8800	8800	8800	8800	8800	8800	8800	8800	8800	8800	8800	8800	8800	8800	8800	8800	8800	8349	6892.4	7368.3	5503.2	5649.5	5371	7529	5597.4	5200.6	5639.4	6255.7	5317.8	5534.4	5420.8	6616.2	5639.3	8800	8800	8800	8800	8800	8800	8800	8800	8800	8800	8800	8800	8800	6450.6	6445.1	5526.7	5283.7	2804.7	4996.3	3941.7	5301.5	7286.5	7466.5	6378.9	6218.2	4857.1
5717.5	7807.1	8800	8800	8800	8800	8800	8800	8800	8800	8800	8800	8800	8800	8569.1	8089.6	6119.5	6434.3	7648	6673	5368.4	4495.1	6373.2	4913.4	6762.5	7941.4	8800	8610.4	8800	8387.1	7255.1	8143	7518.2	5269.7	4697.4	7161.8	4984.2	4774.8	5784.1	5214.2	8800	8800	8800	8800	8800	8146.2	7843	7491.8	7457.9	5881.7	5678.2	6013.3	7425.7	6697.9	7898.3	7828.1	7434.2	6728.5	6700.1	6571.5	5773.1	5628.4	8296.4	8433.8	8800	8800	8800	8800	8800	8800	8800	8800	8800	8800	8800	8800	5680	5512.3	3040.8	4184.4	3649.4	4496.4	4049.8	5987.4	6975.3	8800	8800	8800	8800	8800	8800	8800	8800	8800	8800	8800	8800	8797.1	8723.1	5498
8800	8800	8800	8800	8800	8800	8800	8800	8800	8800	8800	8800	8800	8800	8800	8800	8800	8800	8171.8	7304.4	6849	7073.1	6278	6143.8	5630.1	6032.6	6303.1	8800	8800	8800	8800	8800	8800	8800	8800	8800	8800	8800	8800	8800	8800	8800	8800	8800	8800	8800	7664.7	5976.8	7210.1	5776.3	4549.1	4351.3	3471	2362.3	4572.9	5618.4	6835.9	7399.7	6912.3	6015.9	6051.6	5005.6	5952.7	6887.5	5256.4	6291.6	6184.3	6352.2	5140.6	7106.6	5326.3	8800	8800	8800	8800	8800	8769	8800	8800	8800	8800	8800	8800	8800	8800	8800	8800	8800	8800	8800	8800	8800	5024.6	4802.8	3759.2	6064.1	5385	4045.2	6243.3	6773.3
8800	8800	8800	8800	8800	8800	8800	8800	8800	8800	6017.4	5916	6272.7	6320.3	7050.9	7189.5	7210.1	7398.9	7645.5	8800	8800	8800	8800	8800	8800	8800	8800	8800	8800	8800	8800	8649.7	8800	8800	8800	8003.1	8800	8661.9	7025.2	8529.5	8545.7	7739.5	8314.5	8800	8224.9	8708.2	8581.9	8800	8108.5	8756.7	7427.8	8251	7371.9	8493	8243.3	7920.5	8800	8800	8800	8800	8800	8800	8800	8800	8800	8800	8800	7311.1	7082.3	6064.1	7153.8	7938.2	7511.2	7237.9	7983.6	8800	8115.9	8800	8800	8800	8800	8800	8800	8800	8800	8800	8800	8800	8800	8800	8800	8800	8800	8800	8800	6869.4	4612.5	3598.9	3611.9	5051
8800	8800	8800	8800	8800	8800	8800	8800	8800	8800	8800	8800	8800	8800	8800	6197.8	5402	3870.8	5257.3	6714.4	6215.6	7376.7	7792.7	7426.7	6175.1	7491.5	6558	7173.2	7093.6	6936.9	6089.3	6247.5	4523	4861.2	5670.3	5159.4	5326.2	5476.4	4318.7	7330.7	8800	8800	8800	8800	8800	8800	8800	8800	8800	8800	8800	8800	8800	8800	8800	7997.7	8800	8800	8800	8800	8800	8628.7	7593.5	7861.3	6990.5	8105	7006.4	7766.5	6501.8	6210	4367.2	4137.3	1992.3	3241.5	5642.9	8800	8800	8800	8800	8800	8800	8800	8800	8800	6826.4	5793.3	4689.1	4461.7	3252.7	3872.8	4146.4	3621.3	4050.1	5306.9	3670.6	4229.1	4680	5070.9	5052.2	4785.9
4767.3	3172.3	3468.2	3382.7	2824.6	1920.2	5270	8800	8800	8800	8800	8800	8800	8800	8800	8800	8370.4	6617.2	8003.6	7748.4	8487.8	8164.9	8800	8121.3	8210.7	8729.4	8474.7	8680.3	8348.2	8424.1	8079.5	8800	8088.9	8800	8800	8722.7	8800	8767.6	8800	8138.9	8800	8800	8800	8800	8800	8800	8800	8800	8800	8800	8800	8800	8800	8800	8800	8800	8800	8800	8800	8800	8800	8800	8800	8800	8800	8800	8800	8800	8800	8800	8800	8800	6648.5	7264.3	7231.8	7838.2	8404.1	6938.4	7607.4	6564.7	8454.4	7424.2	8800	8800	8800	8800	8800	8800	8800	8800	8800	8800	8800	8800	8800	8800	4469.1	3531.7	4495.7	3969.2
7291.9	8800	8800	8800	8800	8800	8800	8800	8800	8800	8800	8800	8800	8800	8800	8800	8800	8800	7968.9	6332.5	5791.5	7239.6	7086.4	8218.8	6574.9	8166.4	7730.9	7914	7210.6	8800	8418.9	7664.8	8800	8506.6	8800	8040.9	8800	7946.8	8715.1	7519.4	8800	8800	8385.7	8800	8315.4	8800	8054.8	8237.1	8800	8152.2	8800	8254.5	8800	7713.2	8800	7664.8	8507.4	8553	8800	8800	8800	8800	8800	8800	8800	7918.2	7509.5	7502.4	4599.5	7667.6	7799.6	8800	8800	8800	8800	8800	8800	8800	8800	8800	8800	8800	8800	8800	8800	8800	8800	7132.7	5933.4	7715.7	7073.8	8800	8749	8800	8800	8333.7	5827.3	8800	8800	8800
8800	8800	8800	8800	8800	8800	8800	8800	8800	8800	8800	8800	8800	8800	8800	8800	8187.1	8800	7176.6	8301.4	7405	7571.3	8213.7	8800	8800	8800	8800	8800	8800	8800	8800	8800	8800	8800	8800	8800	8800	8800	8800	8800	8800	8800	8800	8800	8800	8800	8800	8800	8800	8800	8800	7467.7	8685.8	7889.7	8800	7750.2	8800	5717.4	8800	7101.6	7419.4	7583.9	8346.8	7810.1	7540.6	6302.4	5942.6	7064.5	5166.1	6337.6	7000.4	7343	7285.3	7151.7	8195.6	8152.5	8800	8800	8800	8800	8800	6023.1	7850.8	6579.8	8064.6	6024.7	8800	8800	8800	8800	8800	8800	8800	8800	8800	8800	3456.6	4008.7	3745.3	4025.7
4613.7	3546.1	3525.9	4210.7	3425.3	3196.5	3807.7	4050.9	3047.8	5556.4	6302.7	6226.3	6761.5	7198	5330.5	5722	5295.2	3820.5	4162	3972	5497.1	5100	7274.1	7914.9	8412.5	7690.8	8345.5	7208.1	6406.9	6750.1	5477.5	6816.5	6561.8	7683.8	6865	5920.4	5892.4	6895.4	6893.6	8073.3	8800	8800	8800	8800	8800	8105.9	5934.7	7010.4	5823.1	7843.5	8162.5	6935.6	8256	7243.5	8110.9	6993.6	6958.7	5946	6466.7	4854.6	6511	5905.5	8670.4	8515.8	8800	8800	8800	8800	8800	8800	8800	8800	8800	8800	8800	8800	8800	8800	8800	8800	8800	8800	8800	8800	8800	8800	8800	8800	8800	8800	8800	8800	8800	8800	8594.3	8800	5441.3	6445.7	5275.9	6145
-89.768	4602.5	8800	8800	8800	8800	8800	8800	8800	8800	8800	8800	8800	8800	8800	8800	8800	8800	8800	8800	8800	8800	8800	8800	8800	8800	8800	8346.3	7886.6	7620.5	6688.4	6209.4	8800	8395.7	8800	8800	8800	8800	8800	8800	8800	8800	8800	8800	8800	8800	8800	8800	8800	8800	8800	8800	8800	8800	3900.7	2738.5	4386.5	4842.4	5961.8	6379.9	7924.4	6148.3	6325.1	7816.1	8469.8	8197.9	7416	7847.7	7304.3	6410.9	4661.3	5678.3	4235.9	2259.7	3669.1	5632.7	5272.8	4918.8	6387.4	4741.3	4257.1	4586.4	5552.3	4175.8	5829.4	5826.9	6656.5	6928.9	8800	8065.5	6780.1	5210.4	4615.6	2991.7	2799.9	2669.9	4985.6	5623.8	6162.8	6076.6
2211	8800	8800	8800	8800	8800	8800	8800	8800	8800	8800	4865.1	7482.3	6597.2	5353	6476.8	7350.5	6612.9	6356.7	7070.6	8231.9	7820.8	7633.2	6950.5	7611	6736.5	7797	7863.6	8800	8800	8800	8800	8800	8800	8800	8800	8800	8800	8800	8800	8800	8800	8800	8800	8800	8800	8800	8800	8516.9	5380.4	4617.7	4613.6	4836.8	2328.1	3190.2	5458.6	5201.7	7366.4	7926.3	8470.3	6462.3	7198.6	5970.1	5682.4	4494.4	4168.1	5749.3	4773.4	4826.5	7196.7	8800	8800	8800	8800	8800	8800	8800	8800	8800	8800	8800	8800	8800	8800	8800	8800	7451	7197.7	5282.8	6922.5	6039.7	4267	4186.6	6659.8	5408.2	5327.8	6417.7	8800	8800	8800
7833.8	5926.8	4142.7	3390.8	3283.1	5163.5	8800	8800	8800	8800	8800	8800	8800	8800	8800	8800	8800	8800	8800	8800	8800	8800	8800	8800	8800	8800	7348.2	5617.5	5624.5	5903.7	6670.6	8800	8800	8800	8800	8800	8800	8800	8800	8800	7835.8	8800	8031.2	8704.3	7958.4	8101.9	6745.2	6721.5	7611.8	6664.1	8176.7	7511.3	8800	8692.5	8449.2	7137	8525.8	7530.8	7634.8	8299.2	8618	8000.4	8234.8	8054.6	8107.6	8800	7077.6	8323.9	7660.3	8800	8321.5	8800	8800	8800	8800	8800	8800	8800	8800	8800	8800	8800	8800	8800	8800	8800	8800	8800	8800	8800	8341.6	6403.8	5429.9	4731	5457.5	4869.1	6605.2	6422.8	5988.4	3716.3
8800	8800	8800	8800	8800	8800	8800	8800	8800	8800	8800	8800	8800	8800	8800	8800	8800	8800	8800	8800	8800	8800	8800	8800	8800	8800	8800	8800	8800	8800	8800	8800	8800	7280	5268.3	5351.2	4914.5	4934.6	6344	8177.6	8800	8800	8800	8800	8800	8800	8800	8800	8800	8800	8502.6	4117.4	3624.5	5211.1	8800	8800	8800	8800	8800	8800	8800	8800	8800	8800	8800	7711.8	8425.7	6719.4	8800	8057.8	8129.5	7777.4	8110.2	6849.7	8230.4	8170.9	8558.2	8521	8800	8090.7	8639.6	8253.8	8198.4	7050.8	8685.6	7372.9	7549.6	8198.8	8800	7816.2	7455	8800	8800	8800	8800	8800	8800	8800	8800	8800
670.09	8800	8800	8800	8800	8800	8800	8800	8800	8800	5373.3	4793	4545.1	4155.5	2825.3	4521.5	4739	4710.2	6954.6	7374	5848.2	8800	8800	8800	8800	8800	8800	8800	8800	8800	8800	8800	8800	8800	8800	8800	8800	8800	8800	8800	8800	8800	8800	8800	8800	8800	8800	5466.8	4175.5	5308.4	3443.3	3731.9	3678.1	5622.4	4119.9	6928.7	8800	8800	8800	8800	8800	8800	8800	8800	7954.1	8800	6830	6448.8	6534.2	5532.7	5528.4	5515.5	6473.4	4907.6	6458.6	5607	6387.6	5357.3	6632.3	7341.4	6968.6	7578.4	7438.3	8551	7301.3	7443.3	5108.4	5937.5	3620.6	4918.6	4653.5	6381.9	5793.6	8800	7362.2	8800	8800	8800	8800	8800
8800	8800	8800	8800	8800	8800	8800	8800	8800	8800	8800	8800	8800	8800	8800	8800	8800	7895.8	8221.5	5986.5	5287.1	3282.5	3260.9	1789.1	2761.3	4743	6150	6406.1	6849.1	6815.1	5441.4	4814.5	6622.6	6823.1	7010.7	7825.5	8800	7189.6	7722.3	8058.2	8377.9	6826.9	7649.5	6847.4	6930.3	5904.4	7692.8	5873.6	7288.3	7124.8	7350.3	6112.4	6247.9	5768.7	4650.7	5145.1	4454.7	5703.4	4605.4	6529.1	8800	8800	8800	8800	8800	8800	8800	8800	8800	8800	8800	8800	8800	8800	8800	8800	8800	8322.2	7781	7016.6	6670.8	6066.8	6650.7	4652.8	5161.2	4231.4	6248.3	8251.5	7534	5969.8	5551.2	5009.6	3939.8	5109.1	5600.3	5982.4	5320.3	3810.9	2863.8	3941.3
2379.9	2568.8	2290.6	3671.4	3289.1	3627.6	4498.4	4407.2	5773.5	7531	8356.1	8800	8800	8800	8800	8800	8800	8800	8800	8800	8800	8800	8800	8800	8561.9	7382.9	7028.4	7024.5	6603.3	6481.8	6928.3	7466.2	7597.5	7059.7	8800	7709.9	8194.5	8166	8747.4	8800	8800	8800	8800	8800	8800	8800	8800	8800	8800	8800	8800	8800	8800	8800	8800	8800	8800	8800	8800	8800	8800	8800	8800	8800	8800	8800	8800	8800	8800	8800	8800	8800	8349	7305	6941.5	7072.2	7360.3	6829.6	5185.7	5066.5	3881.6	3696.4	4097.7	6457.4	6730.1	7902.1	7760.2	7085.2	4607.9	8650.3	6732.1	7264.9	7054.2	8800	5967.2	7830.6	7144.1	7803.7	5330.3	5704.3
8079.9	8800	8800	8800	8800	8800	8800	8800	8800	8800	8800	8800	8800	8800	8800	8800	7576.8	8148.5	6122	7460.9	6573.8	6203.1	7651.6	7270.9	6972.4	7653.4	8084.7	6367.1	7873.1	7758.4	7731.2	8015.4	8800	8242.5	6728	6801	5712.7	6142.2	6963.6	7136.8	8800	8800	8800	8800	8800	8800	8800	8800	8800	8800	8800	8800	8800	8800	8800	8800	8800	8800	8429.8	5684.3	1838.7	4436.4	4881.4	4915.2	6846.6	8767	7075.1	8800	8800	8800	8800	8800	8800	8800	8800	8321.9	8800	7449.5	7983.6	8638.6	7962.2	8761.4	8414.6	8800	6887.9	6028.6	5857.8	4727.8	5078.6	5328.4	6145.7	4920.8	4619.6	2904.7	6155.5	5284.1	5289.8	7455.4	8415.7	5757.6
6490.2	5491.7	6760.3	6943.3	6474.2	7285.8	7376.5	5859.1	6580.9	7107.3	6857	6038.3	7081	5871.1	6032.3	4940.6	6114.3	8800	8800	8800	8800	8800	8800	8800	8800	8800	8800	8800	8800	8800	8800	8800	8800	8800	8800	4075.9	4110.4	4093	3280.1	6318.1	8800	8800	8800	8800	8788.9	7027.8	8091.1	6618.8	6727.1	8183.5	6545.5	7615.6	7201.2	8177.9	7034.9	8577.9	7205.6	7675.8	5946.5	7986	8800	8800	8800	8800	8800	8800	8800	8800	8800	8800	8800	8800	8800	8800	8800	8800	8800	8800	8800	8800	8800	8800	7091.1	6191.7	7625.7	6553.3	7307.5	5595.6	7277	6065.9	6015.4	6315.3	8378.7	5706	6544.9	7543.9	8800	8800	8800	8800
5492.9	8800	8800	8800	8422.4	8800	6497.7	5100.9	4780.1	4565.4	4814.6	5584.7	4267.8	6626.3	7728.9	7391.4	7574.7	8800	8800	8800	8800	8800	8800	8800	8800	8800	8800	8800	8800	8800	8800	8800	8800	8800	8800	8800	8800	8800	8800	8800	8800	8800	8800	8800	8800	8800	5788	3322.6	3155.7	2517.8	2829.1	4931.1	5647.2	6611.8	6706.1	7054.5	6782	5752.1	7136.7	6677.7	6709.9	6287.9	6291.1	5816.7	7558.1	7082	5775.6	6093	5683.8	4860.5	6381.1	8800	8800	8800	8800	8800	8800	8800	8800	5520.6	6095.3	7111.7	6177.8	5510.4	7462.2	6039.3	6136.1	4953.6	6796.6	4694.2	5628.2	8800	8800	8800	8800	8800	8800	8800	6087.6	6077.9
3574	3965	3623.1	3677.9	4119.5	4771.4	8800	8800	8800	8800	8800	6881.1	7334	7386.1	6228.3	5941.7	6703.2	7403.8	7026.5	7302.6	7763.4	7419.8	8800	8800	8800	8800	8800	8800	5504.4	3840	5850.7	8800	8800	8800	8800	8800	8800	8800	8800	8800	8800	8800	8800	8800	8800	8800	8800	8800	8800	8800	8800	8800	8800	8800	6595.3	7981.1	7143.5	7669.5	7552.8	8754.4	8270.6	8800	8758.1	8532.3	7700	8211.1	7387.7	8041.5	8061.4	8800	8156.2	8181.1	6994.9	8080.9	6924.1	8018.1	7783	8800	8415.9	8800	8034.7	8800	7146.8	8800	8800	8800	8800	8800	8800	2067.1	2446.2	3959.8	3276.7	3854.2	3682.2	4895.4	3917.9	4848.9	5128.3	5531
8800	8800	8800	8800	8800	8800	8800	8800	8800	8800	8800	8800	8800	8800	8800	8800	8800	8800	8800	8800	8800	8800	8800	8800	8800	8800	8800	8800	8800	8800	8800	8800	8800	8800	8800	8800	8800	8800	8800	7941.8	5297.4	6567	5129	5025.1	4955.4	6748.5	5602.4	6853.2	6808.3	6600.5	5047.8	4742.8	3751.1	2755.5	3022.8	3619.1	5365	6211.2	6795.2	6808.4	8779.3	7664.9	8492.7	7780.9	8406	6039	6527.6	5255.5	6878.9	6246	7711.7	7547.3	7484.4	6849.3	7943.8	7068.2	8800	8800	8800	8800	8800	7543.5	8645.8	7398.2	7838.3	7946.9	8800	7600.9	7901.4	6219.6	6087.9	5137.4	6603.4	6444.4	6988.4	6961.9	7852.1	5649.8	7630.2	8800
8800	8800	8800	8800	8800	8800	8800	8730.7	6951.4	6214.8	6572.5	5909.4	7832.8	6315.2	7150.8	4808.4	6157.4	5820	6452.3	6333.6	8584.4	8800	8800	8800	8800	8800	8800	8800	8800	8800	8800	8800	8800	8800	8800	8800	8800	8800	8800	8800	8800	8800	7906.6	6267.4	6754.4	5902.4	8127.7	7216.1	6851.4	5666.2	5347.2	5085.6	5194.2	5833.1	8800	8800	8800	8800	8800	8800	8800	8800	8800	8800	8101.6	8715.5	5664.7	7303.6	5806.5	7637	7336.7	6242.7	5330	4826.9	4738.3	5395.8	8800	8800	8800	8800	8800	8800	8800	8800	8800	8800	8800	8800	8015	7122	5372.3	5070.5	4685.8	3784.5	3316.1	3679	4931.6	4666.5	8800	8800
1840.5	4447.5	3947.8	3589.5	3371.7	5433.5	4645.5	5037.2	5202.9	6525.4	4359	4427.7	5361	6734.3	5466.9	7507	7318.7	6269.1	6209.5	5885.7	4537.1	5620.6	5657.2	4004.2	5439.1	6252.7	5547.4	6513.4	6927.7	8485.2	8800	8800	8800	8800	8800	8800	8800	8800	8800	8800	8800	8800	7720.3	7535.9	6281.2	6684.8	6131.3	6137.3	6306.7	4420.5	4183.5	5047	4703.1	6546.8	7472.8	8800	8800	8800	8800	8800	8800	8800	8800	8800	8800	8800	8800	8800	8800	8800	8800	8800	8800	8800	8800	5832	6245.7	5688.4	6987	7144.6	8692.6	6688.6	7102	6195.1	6130.9	5115.3	5392.9	6113.1	6388.3	8800	8800	8800	8800	8800	8800	8800	8800	8800	8800	8800
