8800	8800	8800	8800	8800	8800	8800	8800	8800	8800	8800	8800	8800	8800	8800	8800	8800	8800	8800	8800	8800	8800	8800	8800	8800	8800	8800	8800	8800	8800	8800	8800	8800	8800	8800	8800	8800	8800	8800	8800	8800	8800	8800	8800	8800	8800	8800	8800	8800	8800	4113	5578.5	6943.7	8800	8800	8800	8800	8800	8800	5573.3	5594.1	5887	6628.9	8800	8800	8800	8800	8800	7249.5	679.6	7103	8800	8800	8800	8800	8800	8800	8800	8800	8800	8800	8800	8800	8800	8800	8800	8800	5202.1	264.39	6305.1	6877.1	8800	8800	8800	8800	8800	8800	8800	8800	8800
512.34	8800	8800	8800	8800	8800	8800	8800	8800	8800	8800	8800	8800	8800	8800	8800	8800	8800	8800	8800	8800	8800	8800	8800	8800	8800	8800	8800	8800	8800	8800	6982	2538.8	6725.9	8800	8800	8800	8800	8800	8800	8800	8800	8800	8800	590.05	4782	7034.5	8800	8800	8800	8800	8800	8800	8800	8800	8800	8800	8800	8800	8800	8800	8800	8800	8800	8800	8800	8800	8800	8800	8800	8800	8800	8800	8800	8800	8800	8800	8800	5415.8	5476.7	6977.1	8800	8800	8800	8800	8800	8800	8800	8800	8800	8800	8800	8800	8655.3	5980.7	5995.2	7876.2	8800	8800	5522.3
3820.3	8800	8800	8800	8800	8800	8800	8800	8800	8800	8800	8800	8800	7277	8490.4	8800	8800	8800	8800	8800	8800	8800	8800	8800	8800	8800	8800	8800	8800	8800	8800	8800	8800	8800	8800	8800	8800	8800	8800	8800	8800	8800	8800	8800	8800	8800	8800	8800	8800	8800	8800	8800	8800	8800	8800	8800	8800	7651.4	4467.6	5248.1	8234.2	8800	8800	8800	8800	8800	8800	8800	8800	8800	8800	8800	8800	8800	8800	8800	8452.6	6061.7	8800	8800	8800	8800	8800	8800	8800	8800	8800	8800	8800	8800	6854.3	2110.2	5941.4	7968	8800	8800	8800	8800	8800	8800
8800	8800	8800	8800	8800	6648.3	4577.9	8800	8800	8800	8800	8800	8800	8800	8800	8800	8800	8800	8800	8800	8800	8800	8800	8800	8800	6089.2	1588.2	8181.3	8800	8800	8800	8800	8800	8800	8800	8800	8800	7097.5	7227.7	8800	8800	8800	8800	8800	8800	8800	8800	8800	8800	8800	8800	8800	8800	8800	5464.8	707.86	8553.6	8800	8800	8800	8800	8800	8800	8800	8800	8800	8800	8800	8800	8800	8800	8800	8800	8800	8800	8800	8800	8800	8800	8800	8800	8800	8800	8800	8800	8800	8800	8800	8800	8800	8800	8800	8800	8800	8800	8800	8800	8800	8800	8800
8800	5965	8800	8800	8800	8758.4	8800	5316.3	3221.4	8800	8800	8800	8800	8800	8800	8800	8800	8800	8800	8800	8800	8800	8800	8800	8800	2887.3	8800	8800	8800	8800	8800	8800	8800	8800	8800	8800	8800	8800	8800	8800	8800	6033.4	4972.7	8800	8800	8800	8800	8800	8800	8800	370.42	5634.3	6192.2	8800	8800	8800	8800	8800	8800	8800	8800	8800	8800	8800	8800	8800	8800	8800	8800	8800	8800	8800	8800	5796.5	6505.6	4795	5250	4933.9	4878.6	4969	5288.6	3840.8	3194.3	4515.9	5123	5256.1	5401.3	5184.4	3711.8	3399.2	3459	3708.2	4018.1	3493.9	3966.3	3351.3	3990.2	3737.7	4286.5	4927.6
4398.4	8800	8800	8800	8800	8800	8800	8800	8800	8800	8800	8800	8800	8800	8800	8800	8800	8800	8800	8800	8800	8800	8800	8800	8800	8800	8800	8800	8800	8800	8053.9	8800	8800	8800	8800	8800	8800	8800	8800	8800	8800	8800	8800	8800	8800	8800	8800	8800	8800	8800	8800	8800	8800	7337	6570.1	5861	7311.2	6366.3	6615.2	8472.3	8800	8800	8800	8800	8800	8800	8800	8800	8800	8800	8800	8800	8800	8800	8800	8800	8800	8800	8800	8800	8800	8800	8800	8800	8800	8800	8800	6806.8	7817	7757.7	8800	8800	8800	8800	8800	8800	7700.6	6351.1	5193.4	6940.1
8800	8800	8800	8800	8800	8800	8800	8800	8800	8800	8800	8800	8800	8800	8800	8800	8800	8800	8800	8800	8800	8800	8800	8800	8800	8800	8800	8800	8800	8800	8800	8800	8800	8800	8800	8800	8800	8800	8800	8800	8800	8800	8800	8800	8800	8800	8800	8800	8066.8	715.28	8800	8800	8800	8800	8800	8800	8800	8800	8800	8800	8800	8800	8800	1398.1	7512.3	8800	8800	8800	8800	8800	7167.4	6329.4	6557.3	8800	8800	8800	8800	8800	8800	8800	8800	8800	8800	8800	8800	8800	1489.4	8688.4	8800	8800	8800	8800	6636.1	5063	5865.2	6072.4	5758.2	5964.3	6662.1	6570.7
8339.4	8800	8800	8800	8800	8800	8800	8800	8800	8800	8800	8800	8800	8800	8800	8800	771.4	5833.8	8407	8800	8800	8800	8800	8800	8800	8800	8800	8800	8800	8800	8800	8800	8800	8800	8800	8800	8800	8800	8800	8800	8800	8800	8800	8800	8800	8800	8800	8800	8800	925.38	5276.5	6543.6	8800	8800	8800	8800	8800	8800	8800	8800	8800	8800	8800	8800	1691.2	7502.4	8744.5	8800	8800	8800	8800	8800	8800	8800	8800	8800	8800	8800	8800	8800	8800	8800	8800	8800	8800	8800	8800	8800	8800	8800	8800	8800	5157.8	8800	8800	8800	8800	8800	6813.3	4128.8
2874.7	8800	8800	8800	8800	8800	8800	8800	8800	8800	8800	8800	8800	8800	8800	8800	8800	8800	6130	6518.7	8800	8800	8800	8800	8800	8800	8800	8800	8800	8800	8800	8800	8800	8800	8800	8800	8800	8800	8800	8800	8800	8800	8800	8800	8800	8800	6305.1	8242.1	8800	8800	8800	8800	8800	8800	8800	8800	8800	5157.9	6448	8800	8800	8800	8800	8800	8800	824.73	845.31	5604.1	6843.8	7002.7	8371.4	8800	5801.4	6320.1	6929.3	7429.5	8268.9	7117.4	6950.1	6690.5	5482.1	6674.7	6795.1	7015.2	6751.5	7761.3	4790.5	4599.5	3044.4	2916.6	4117.2	4357.8	5592.8	5166.3	7711.2	5669.7	5706.2	4765	6765.3	4504.3
8800	8800	8800	8800	8800	8800	8800	8800	8800	8800	8800	8800	8800	8800	8800	8800	8800	8800	8800	8800	8800	8800	8800	8800	8800	8800	8800	8800	8800	8800	8800	8800	8800	8800	8800	8800	8800	8800	8800	8800	8800	8800	8800	8800	8800	8800	8800	5918.4	292.68	6662	8567.5	8800	8800	8800	8800	8800	8800	8800	8800	8800	8800	8800	8800	8800	8800	8800	7451.5	364.58	5093	5731.6	8800	8800	8800	8800	8800	8800	8800	8800	8800	8800	8800	8800	7914.6	6376.2	4888.5	8800	8800	8800	8800	8800	8800	8800	8800	4535.2	7915.2	8800	8800	8800	8800	8800
8800	8800	8800	8800	8800	8800	8800	8800	8800	8800	8800	8800	8800	8800	8800	8800	8800	8050.9	1601.7	1558.8	8800	8800	8800	8800	8800	8800	8800	8800	8800	6707.8	4802.6	5648.9	8800	8800	8800	7564.7	6779.9	797.9	5752	7697.8	8800	8800	8800	8800	8800	8800	8800	8800	8800	8800	6661.7	6876.8	8800	8800	8800	8800	8800	8800	8800	8800	8800	8800	8800	8800	8800	8800	8800	8800	8800	8800	8800	8800	8800	8800	8800	8800	8800	8800	8800	8800	8800	8800	8800	8800	8800	8800	8800	8800	8800	8800	8800	8800	8800	8800	8800	8800	8800	8800	5734.3	4842.8
3350.7	8800	8800	8800	8800	8800	8800	8800	8800	8800	8800	8800	8728.9	7786.6	5496.7	8800	8800	8800	8800	8800	8800	8800	8800	8800	8800	8800	8800	8800	8800	8800	8800	8800	8800	8800	8416.4	4721.6	6228.5	8800	8800	8800	8800	8800	8800	8800	8800	8800	8800	8800	8800	8800	8800	8800	8800	8800	8800	8800	8800	8800	8800	8800	8800	8800	8800	8800	8800	8800	8800	8800	8800	8800	8800	8800	8800	7158.3	8800	8800	8800	8800	8800	8800	8800	8800	8800	8800	8800	8800	8800	7603.8	723.58	5694.4	5763.3	8800	8800	8800	8800	8800	5906.7	5385.4	4951.4	4781.4
4125.8	8800	8800	8800	8800	8800	8800	8800	8800	8800	8800	8800	8800	8800	8800	8800	8800	8800	8800	8800	8800	8800	8800	8800	8800	8800	8800	8800	8800	8800	8800	8800	8800	8800	8800	8800	8800	8800	8800	8800	8800	8800	1082.4	8292.4	8800	8800	8800	8800	8800	8800	8800	8800	7975.7	8800	8800	8800	8800	8800	7566.9	1047.2	5022.6	6347	8800	8800	8800	8800	8800	8800	8800	8800	8800	8800	8800	8800	8800	8800	8800	8800	8800	8800	8800	8800	8800	8800	7727.3	8800	8800	8800	8800	8800	8800	5044.3	5850.5	3863.4	5449.1	4747.7	4607.7	5319.5	5622.4	4423.1
8516.9	8800	8800	8800	8800	8800	8800	8800	8800	8800	8800	8800	8800	8800	8800	8800	8800	8800	8800	8800	8800	8800	8800	8800	8800	8800	8800	8800	8800	8800	8800	8800	8800	8800	8800	8800	8800	8800	8800	8800	8800	8800	8800	8800	8800	5208.8	8800	8800	8800	8800	8800	8800	8800	8800	8800	8800	8800	8800	8800	8800	8800	8800	8800	8800	8800	8800	8800	8800	8800	8800	8800	8800	8800	1584.1	5437.4	6967.5	8800	8800	8800	8800	8800	8800	7028	8612.9	8800	8800	8800	8800	8800	8800	7120.9	6087.3	1347.1	5409	6889.9	8800	8800	8800	8800	8800
8800	8800	8800	8800	8800	8800	8800	8800	8800	8800	8800	8800	8800	8800	8800	1854.6	8319	8234.2	8800	8800	8800	8800	8800	8800	8800	8800	8800	8800	8800	8800	8800	8800	8800	8800	8800	8800	8800	8800	8800	8800	8800	8800	8800	8800	8800	8800	8800	8800	8800	8800	8800	8800	8800	8800	8800	8800	8800	8800	8800	8800	8800	7884.6	6065.1	8800	8800	8800	8800	8800	8800	526.66	5995.7	6018.8	8800	8800	8800	8800	8800	8800	8800	8800	8800	8800	8800	8800	8800	8800	8180.9	5304.9	1971.8	6905.1	8800	8800	8800	8800	8081.3	6753.3	6057.4	6064.7	5374.6	4760.5
5318.7	8800	8800	6938.6	5706.6	8800	8800	8800	8800	8800	8800	8800	8800	8800	8800	8800	8800	8800	8800	8800	8800	8800	8800	8800	6025.1	8800	8800	8800	8800	8800	8800	8800	8800	8800	8800	8800	8800	8800	8800	8800	8800	8800	8800	8800	8800	8800	8800	8800	8800	8800	8800	8800	8800	8800	8800	8800	8800	8800	8800	8800	8800	8800	8800	8800	8800	8800	8800	8800	8800	8800	4031.9	4416.7	4446.4	3549.3	7204.1	8800	8800	8800	8800	8800	8800	8800	8800	8800	8800	8800	8800	8800	7438.4	6460.2	7742.9	7725.8	8800	8219.9	4598.6	4183.5	4497.7	3054.3	3324.5	2477.1
5347.5	8800	8800	8800	8800	8800	8800	8800	8800	8800	6607	845.44	5353.9	8800	8800	8800	8800	8800	8800	8800	8800	8800	8800	6371.9	8234.1	8800	8800	8800	8800	8800	8800	8800	8800	8800	8800	8800	8800	8800	8800	8800	8800	8800	8800	8800	8800	8800	8800	8800	8800	8800	8800	8800	8800	8800	8800	8800	8800	8800	8800	8800	8800	8800	8800	8800	8800	8800	8800	8800	8800	8800	8800	8800	8800	6696.8	5733.2	507.91	7318.9	8800	8800	8800	8800	8800	8800	8800	8800	8800	5716.1	1021	5109.3	8572.3	8800	8800	8800	8011.3	6826.1	3657.3	4662.8	4817.6	6952.4	5259.5
8800	8800	8800	8800	8800	8800	8800	8800	6717.1	8800	8800	8800	8800	8800	8800	8800	8800	8800	8800	8800	8800	8800	8800	562.14	7996.4	8800	8800	8800	8800	8800	8800	8800	8800	8800	8800	8800	8800	8800	8800	8800	5019	7032.1	8800	8800	8800	8800	8800	8800	8800	8800	8800	8800	8800	8800	8800	8800	8800	8800	8800	8800	8800	8800	8800	8800	8800	8800	8800	8800	8800	8800	8800	8800	8800	8800	8800	8800	8800	8800	8800	8800	8800	8800	8800	8800	5677.7	4632.7	6101.1	8800	8800	8800	7187.4	6399.3	3566.2	3355.5	3808.6	4125.3	3953	3019	5571	5646
8800	8800	8800	8800	8800	8800	8800	8800	8800	8800	8800	8800	8800	8800	8800	8800	8800	8800	8800	8800	8800	8800	8800	8800	8800	8800	8800	8800	8800	8800	8800	8800	8800	8800	8800	5855.4	4618.5	6883	8800	8800	8800	7230.1	4922	7572.3	8800	8800	8800	8800	8800	8800	8800	8800	8800	8800	8800	8800	8800	8800	8800	8800	8800	8800	8800	7251.3	5158.5	1188.9	5406	6386.3	8800	8800	8800	8800	8800	8800	8800	8800	8800	8800	8800	8800	8800	8800	8800	8800	8800	8800	5107.2	5371.7	7327.7	7465.9	8800	8723.2	6313.3	5364.8	6159.7	5428.7	4898.5	3773.4	2774.4	2307.3
8800	8800	8800	8800	8800	8800	8800	8800	8800	8800	8800	8800	8800	8800	8800	8800	8800	8800	8800	8800	8800	8800	8800	8800	8800	5475.6	6299.8	8800	8800	8800	8800	8800	8579.4	6879.5	6534.3	8800	8800	8800	8800	8800	8800	8800	8800	8800	8800	8800	8800	8800	8800	8800	1338.9	6218.5	8800	8800	8800	8800	8800	8800	8800	8800	8800	8800	8800	8800	8800	8800	8800	8800	8800	8800	8800	8800	8800	8800	8800	8800	8800	8800	8800	8800	8800	8800	8800	8800	8800	8800	8800	8800	8800	8800	8800	8800	8800	8800	8800	2363.3	8800	8800	8800	8800
8800	8800	8800	8800	8800	8800	8800	8800	8800	8800	8800	8800	8800	8800	8800	8800	8800	8800	8800	8800	8800	8800	8800	8800	8800	8800	8800	8800	8800	8800	8800	8800	8800	8800	8800	8800	8800	8800	8800	8800	8800	8800	8800	8800	7470	8800	8800	8800	8800	8800	8800	8800	8800	8800	8800	6680.7	339.05	8276.9	8800	8800	8800	8800	8800	8800	8800	8800	8800	8800	8800	8800	8800	8800	8800	8800	8800	8800	8720.1	5546	8800	8800	8800	8800	8800	8800	8800	8800	8800	5991.7	430.16	4857.5	8672.4	8800	8800	8800	8800	5133.2	4738.5	6037	4689.3	4309.2
8800	8800	8800	8800	8800	8800	8800	8800	8800	8800	8800	7790.9	8800	8800	8800	8800	8800	8800	8800	8800	8800	8800	8800	8800	8800	8800	8800	8800	8800	8800	8800	8800	8800	8800	8800	8800	8800	8800	8800	8800	8800	8800	8800	8800	8800	8800	8800	8800	8800	8800	8800	8800	8800	8800	8800	8800	8800	8800	8800	8800	8800	8800	8800	7984.8	480.3	7129.6	7795.3	8800	8800	8800	8800	8800	8800	8800	8800	8800	8800	8800	8800	8800	7394.3	880.23	7928.7	8800	8800	8800	8800	8800	5144.3	5586.5	5335.7	8800	8800	8800	8800	8323	4445.1	3357.2	5088.8	4784.1
8800	8800	8800	8800	8800	8800	8800	8800	8800	8800	8800	8800	8800	6378.8	5640.3	8800	8800	8800	8800	8800	8800	8800	600.82	5333.9	8800	8800	8800	8800	8800	6158.6	8800	7183.5	8800	8800	8800	8800	8800	8800	8800	7648.3	5876.3	1312.3	4790.7	8800	8800	8800	8800	8800	8800	8800	8800	8800	8800	8800	8800	8800	8800	8800	8800	8800	8800	8800	8800	8800	8800	8800	8800	8800	8800	8800	8800	8800	8800	8800	8800	8800	8501.1	7960.4	5066.3	4288	5004.7	4546.7	5336.5	4324.7	4413.8	3749.8	5238.6	4461.2	4943.5	4310.9	6092.1	4443.6	4753.3	4178.9	4265.8	5139.8	6192.4	6206.2	5934.2	5278.1
8800	8800	8800	8800	8800	8800	8800	8800	8516.4	5564.7	8800	8800	8800	8800	8800	8800	8800	8800	5271.8	5027.1	8800	8800	8800	8800	8800	8800	8800	8800	8800	8800	8800	8800	8800	8800	8800	8800	8800	8800	8800	8800	8800	8800	8800	8800	8800	8800	8800	8800	8800	8800	8800	8800	1745	8003.5	8800	8800	8800	8800	8800	8800	8800	8800	8800	8800	8800	8800	8800	8800	8800	8800	8800	8800	8800	8800	8800	8800	8800	8800	8800	8800	8800	8800	8800	8800	8800	8800	8800	8800	8800	8800	8800	4447.8	4812.1	6056.6	6387	6974.9	4645.9	3982.5	3373.4	4431.3
1373.3	8800	8800	7975.1	6505.9	6297	5377.8	8145.5	8800	8800	8800	8800	8800	8800	8800	8800	8800	8800	8800	8800	8800	8800	8800	8800	8800	8800	8800	8800	8800	8800	8800	8800	8800	8800	8800	8800	8800	8800	8800	8800	8800	8800	8800	8800	8800	8800	8800	8800	8800	8800	8800	5606.3	4796.7	6965.9	8800	8800	8800	8800	8800	8800	8800	8800	8800	8800	8800	8800	8800	8800	8800	8800	8800	8800	6224.5	8800	8800	8800	8800	8800	8133.9	4976.1	7095.5	8800	8800	8800	8800	8800	8800	8800	8800	8800	8800	8800	8800	8800	8800	8800	8800	7439.2	4681.1	4107.3
6367.7	3247.7	8800	8800	8800	8800	8800	7519.9	7071	190	7487.2	8800	8800	8800	8800	8800	8800	8800	8800	8800	8800	8800	8800	8800	8800	8800	8800	8800	8800	8800	8800	8800	8800	8800	8800	8800	6958	6623.4	8800	8800	8800	8800	8800	8800	8800	8800	8800	8800	8800	8800	8800	8800	8800	8271	7446.7	2520.6	5721.7	7667.8	8800	8800	8800	8800	8800	8800	8800	8800	8800	8800	8800	8800	8800	8800	8800	8800	8800	8800	8800	8800	8800	8800	8800	8800	8800	6199.1	3939.8	5703.1	8800	8800	8800	8800	8800	8800	7530.2	5461.6	3729.9	3878.1	3457.6	4873	5106.1	6820.6
8800	8800	8800	8007	6385.9	739.79	5316.2	8800	8800	8800	8800	8800	8800	8800	8800	8800	8800	8800	8800	8800	8800	8800	8800	8800	8800	8800	8800	8800	8800	8800	8800	8800	8800	8800	8800	8800	8800	8800	8800	8800	8800	8800	8800	8800	8800	8800	5149	5684.6	6169.4	6349.9	5329.5	1524.6	5239.2	8272.4	8800	8800	8800	8800	8800	8800	8800	8800	8800	8800	8800	8800	8800	8800	8800	8800	8800	8800	8800	8800	8800	8800	8800	8800	8800	8800	8800	8800	8283.5	2019.1	8800	8800	8800	8800	8800	8800	8800	5167.9	4126	3482.9	2845.3	3023.3	4112.7	5280.3	4958.6	5604.7
8800	6725.3	8800	8800	8800	8800	8800	1195	6694.7	8800	8800	8800	8800	8800	8800	8800	8800	8800	8800	8800	8800	8800	8800	8800	8800	8800	8800	8800	6718.8	4766.3	4386.5	8757.8	8800	8800	8800	8800	8800	8800	8800	8800	8800	8800	8800	8800	1917.5	8800	8800	8800	8800	8800	8800	8800	8800	8800	8800	8800	8800	8800	8800	8800	8800	5496.6	4730.9	7572.9	8800	8800	8800	8800	8800	8800	8800	8800	8800	8800	8800	8800	8800	8800	8800	8800	8800	8800	8800	8800	8800	8800	8800	8800	8800	8800	8800	8800	8800	8800	8800	8800	8800	8800	8800	8800
5670.2	8800	8800	8800	8800	8800	8800	8800	8800	8800	8800	8800	8800	8800	4399.1	6314	8800	8800	8800	8800	8800	8800	8800	8800	8800	8800	8800	8800	8800	8800	8800	8800	8800	8800	8800	8800	8800	8800	8800	8800	7261.5	1051.4	5538.1	8800	8800	8800	8800	8800	8800	8800	8800	8800	8800	8800	8800	7707.1	1397	6962.1	7068.6	8800	8800	8800	8800	8800	8800	8800	8800	8800	8800	8800	8800	8800	8800	8800	8800	8800	8800	8800	8800	8800	8800	8800	8800	8800	8800	8800	8800	8800	8800	8800	8800	8800	8800	8800	8800	8800	8800	4930.9	8800	8800
1928.2	4638.1	8701.5	8800	8800	8800	8800	8800	8800	8800	8800	8800	8800	8800	8800	8800	8800	8800	8800	8800	7671.9	7313	8800	8800	8800	8800	8800	8800	8800	8800	1564.9	6721.3	8800	8800	8800	8800	8800	8800	8800	8800	8800	8800	8800	8800	8800	8800	8800	8800	8800	8696.6	6154.1	1679.3	1425.7	7038.9	7148	8800	8800	8800	8800	8800	8800	8800	8800	8800	8800	8800	8800	8800	8800	8800	8800	8800	8800	8800	8800	8800	8800	8800	8800	8800	8800	8800	8800	8041.2	5692.2	6091.6	6785.5	8800	8800	8800	8800	8800	8800	8800	8800	7556	6443.5	5382.5	5392.4	4035
8800	8800	8800	8800	8800	1178.3	8800	8800	8800	8800	8800	8800	8800	8800	8800	8800	8800	8800	8800	8800	8800	8800	8800	8800	8800	8800	8800	8800	8800	8800	8800	8800	8800	8800	8800	8800	8800	8800	8800	8326.7	5526.4	7888.5	8800	8800	8800	8800	8800	8800	8800	8800	8800	8800	8800	8800	8800	8800	8800	8800	8800	8800	8800	8800	8800	8800	8800	8800	8800	8800	8800	8800	8800	8800	8800	8800	8800	8800	8800	245.44	8800	8800	8800	8800	8800	8800	8800	8800	8800	225.55	8169.9	7989.7	8800	8800	8800	8800	8800	8800	8800	8800	8800	8800
3348.7	8346.7	8800	8800	8800	8800	8800	8800	8800	8800	8800	8800	8800	8800	8800	8800	8800	8800	8800	8800	8800	1272	8800	8800	8800	8800	8800	8800	8800	8800	8800	8800	8800	8800	8800	8800	8800	8800	8800	8800	8800	8800	8800	6110.8	5894.7	8800	8800	8800	8800	8800	8800	8800	8800	8800	8800	8800	8800	8800	8800	8800	8800	8800	5961.6	4848.3	7186.5	8800	8800	8800	8800	8800	8800	8800	8800	8800	8800	8800	8800	8800	8800	8800	8800	8800	8800	8800	8800	8800	5313.1	1843.1	3979.2	4907.5	5084.9	5875.5	6921.5	5903.4	4954.2	6527.2	5169.2	5471.4	5125.6	6576.2
1473.8	7632.8	8800	8800	8800	8800	8800	8800	8800	8800	8800	8800	8800	8800	8800	8800	8800	8800	8800	8800	8800	8800	8800	8800	8800	8800	8800	8800	8800	6087.6	5365.2	1333.5	5415.5	5718.7	5583.5	5563.4	5300.1	4903.9	8800	8800	8800	8800	8800	8800	8800	8800	8800	8800	8800	8800	8800	8800	8800	8800	8800	5511.6	7212.8	7843.8	8800	8800	8800	8800	8800	8800	8800	8800	8800	7361.2	1568.4	7431.2	8800	8800	8800	8800	8800	8800	8800	8800	8800	8800	8800	8800	8800	8800	8800	8800	8800	8800	8800	8800	8800	8800	8800	8800	8800	8800	8800	8800	8800	8800
8800	8800	8800	8800	8800	7467.8	8072.9	8800	8800	8800	8800	8800	8800	8800	8800	8800	8800	8800	8800	8800	8800	8800	8800	8800	8800	8800	8800	8800	8800	8800	8800	8800	8800	8800	8800	8800	8800	8800	8800	8800	8800	8800	8800	8800	8800	8800	8800	8800	8800	8800	8800	8800	8800	4600.5	4079.2	4177.5	4323.7	4307.7	5491.9	8800	8800	8800	8800	8800	8800	8800	8800	8800	6810.8	1602.8	4934.9	5850.5	7114.5	7905.5	7824.9	6004.1	4771.4	5589.7	6012.8	6293.8	5255.5	6002.6	4487.2	4136.6	4899	4778.5	5726.8	5442.3	5756	5229.1	5695.6	4503.7	4514.6	5204.4	4025	4596.8	6409.1	6692.7	6623.2	6720.7
3568.1	8800	8800	8800	8800	8800	8800	8800	8800	8800	8800	8800	644.71	8800	8800	8800	8800	8800	8800	8800	8800	8800	6511.1	6654.3	6779.2	8800	8800	8800	8800	8800	8002.4	1423.8	6177.7	8800	8800	8800	8800	8800	8800	8800	8800	8800	8800	8800	8800	8800	8800	8800	8800	8800	8800	8800	8800	8800	8800	8800	8800	8800	8800	8800	8800	8800	8800	8800	1730.2	8800	8800	8800	8800	8800	8800	8800	8800	8800	8800	8800	8800	8800	8800	8800	8800	8800	8800	8800	8800	8800	8800	8800	8800	8800	8800	8800	8800	8800	8800	4331.6	4731.6	5623.6	6635.5	5749.5
8271.3	8800	8800	8800	8800	8800	8800	8800	8800	8800	8800	8800	8800	8800	8800	8800	8800	8800	8800	8800	8800	8800	8800	8800	8800	8800	8800	8800	8800	8800	8800	8800	8800	8800	8800	8800	8800	8800	8800	8800	8800	8800	8800	6313.9	3670.5	4272.9	4799.5	6883.9	7142	7624.7	8800	8800	8800	8800	8800	8800	8800	8800	8800	8800	8800	8800	8793.7	8800	8800	8800	8800	8800	8800	8800	8800	8800	8800	8800	8800	8800	8800	8800	8800	8800	8800	8800	8800	8800	8800	8800	7826.8	8800	8800	8800	8800	8800	8800	8609.5	7110.6	5447	5517.2	4996.7	4926	5311.4
8800	8800	8800	8800	8800	8800	8800	8800	8800	8800	8800	8800	8800	8800	8735.5	8800	8800	8800	8800	8800	8800	8800	8800	8800	8800	8800	8800	8800	8800	8800	8800	8800	8800	8800	8800	8800	8800	8800	8800	8800	8800	8800	8800	8800	8800	8800	8800	8800	7140.3	4844	4563.3	5203.4	6049.5	6658.3	8474.6	8800	8800	8800	8800	8800	8800	8800	8800	8800	8800	8800	8800	8800	8800	8800	8800	8800	8800	8800	8800	8800	8800	7906.6	8800	8800	8800	8800	8800	8800	8800	8800	8800	8800	8800	8800	8800	8800	8800	8800	8800	8800	8800	8800	8800	8800
402.4	5812.2	8036.3	8406	8800	8800	8800	8800	8800	8800	8800	8800	8800	8800	8800	8800	8800	8800	8800	8800	8800	8800	8800	8800	8800	8800	8800	8800	8800	8800	8800	8800	8800	8800	8800	8800	8800	8800	8800	8800	8800	8229.9	4814.9	8800	8800	8800	8800	8800	8800	8800	8800	8800	8800	8800	8800	8800	8344.6	792.45	6895.2	7544.3	8800	8800	8800	8800	8800	8800	8800	8800	8800	8800	8800	8800	8800	8800	8800	8800	8800	8800	8800	4850.2	1427.8	6500.2	6328.6	6378.2	5945.3	5713.6	4543.6	8800	8800	8800	8800	8800	8800	8800	8800	8800	8800	8800	8800	8800
8800	8800	8800	8800	8800	8800	8800	8800	8800	8800	8800	8800	8800	8800	8800	8800	8800	8800	8800	8800	8800	8800	8800	8800	8800	8800	8800	5727	5773	8551.7	8800	8800	8800	8800	8800	8800	8800	8800	8800	8800	8800	8800	8800	8800	565.2	7450.4	8800	8800	8800	8800	8800	8800	8800	8800	8800	8800	8800	8800	8800	8800	8800	8800	8800	8800	8800	8800	8800	8800	8800	8800	6978.7	1145.4	8594.6	8800	8800	8800	8800	8800	8800	8800	8800	8800	8800	8800	8800	8800	8800	8800	8800	8800	8800	8800	8800	8800	850.58	8800	8800	8800	8800	8800
8625.8	5161.1	8800	8800	8800	8800	8800	8800	8800	8800	8800	8800	8800	8276.6	5316.2	4947.5	7378	8800	8800	8800	8800	8800	8800	8800	8800	8800	1675.7	5761.1	8449.6	8800	8800	8800	8800	8800	8800	8800	8800	8800	8800	8800	8800	8800	8800	8800	8800	8800	8800	8800	8800	8800	8800	8800	8800	1557.6	5982.2	8800	8800	8800	8800	8800	8800	8800	8800	8800	8800	8800	8800	8800	8800	8800	8800	5970.9	1921.3	7111.5	8800	8800	8800	8800	8800	8800	8800	8800	8800	8800	8800	8800	8800	8800	7672.2	6656.9	3893.7	5109.7	5021.1	5192.2	4931.3	4219.1	2932.6	2694.2	2877.1	4730
8800	5103.8	8800	8800	8800	8800	8800	7365	605.79	5840.9	8800	8800	8800	8800	8800	8800	8800	8800	8800	8800	8800	6962.9	7681.9	7887	8800	8800	8800	8800	8800	8800	8800	8800	8800	8800	8800	8800	8800	6289	8800	8800	8800	8800	8800	8800	8800	8800	8800	8800	8800	8800	8800	8800	8800	8800	8800	8800	8800	8800	8800	8800	8800	8800	8800	8800	8800	8800	8800	8800	8800	8800	8800	8800	8800	8800	8800	8800	8800	8800	8800	8800	8800	8800	8800	8800	8800	8800	8800	8800	8800	8800	8800	8800	4668.2	4735	7798	8800	8800	8800	8800	8800
3006.1	8800	8800	8800	8800	8800	8800	8800	8800	8800	8800	5025	8800	8800	8800	8800	8800	8197.1	6103.8	5273.7	5274.8	5238.8	4995.9	1550.7	1604.1	8800	8800	8800	8800	8800	8800	8800	8800	8800	8800	8800	8800	8800	8800	8800	8800	8800	8800	8800	8800	8800	8800	8800	8800	8800	8800	8800	8800	8800	8800	8800	8800	8800	8800	8800	8800	8800	8800	8800	8800	8800	8800	8800	8800	8800	8800	8800	8057.6	5210.6	8800	8800	8800	8800	8800	8800	8800	8800	8800	8800	8800	8800	8800	8800	8800	8800	8800	3012.9	3461.9	5533.9	5719.9	6402	7857.7	8511.7	7485.3	8800
7851.8	8800	8800	8800	8800	8800	8800	8800	8800	8800	8800	5943.2	5742	8800	8800	8800	8800	8800	8800	8800	8800	8800	8800	8800	8800	8800	8800	8800	8800	8800	8800	8800	8800	8800	8800	8800	8800	8800	8800	7300	1525.7	7769.8	8800	8800	8800	8800	8800	8800	8800	8800	8800	8800	8800	8800	8800	8800	8800	8800	3591.3	7208.6	8800	8800	8800	8800	8800	8800	8800	8800	8800	8800	8800	8800	8800	8800	8800	8800	8800	8800	8800	8800	8800	8800	7803.1	4461	4924.1	7164.1	8800	8800	8800	8800	8800	8800	8800	8800	8800	8800	8800	8800	8800	6288
5070.6	4052.1	8800	8800	8800	8800	8800	8800	8800	8800	8800	892.15	6736.9	8800	8800	8800	8800	8800	8800	8800	6687.6	4656.6	7499.7	8800	8800	8800	8800	8800	8800	8800	8800	8800	8800	8800	8800	8800	8800	8800	8800	8800	8800	8800	8800	8800	8800	8800	8800	8800	8800	8800	8800	8800	8800	8800	8800	8800	8800	8800	8800	8800	8800	8800	8800	8800	1976.5	8013.6	8800	8800	8800	8800	8800	8800	8800	8800	8800	8800	8800	8800	8800	8800	8800	8800	8800	8800	8800	8800	8800	7059.2	4620.4	8800	8800	8800	8800	8800	8800	8800	8800	8800	8800	8800
8800	4687	8800	8800	8800	8800	8800	8800	8800	8800	8800	8800	8800	8800	8800	8800	8800	8800	8800	8800	8800	8800	8800	8800	8800	8800	8800	8800	8800	8800	8800	8800	8800	8800	8800	8800	1028.3	8800	8800	8800	8800	8800	8800	8800	8800	8800	5497.8	5549.8	1327.1	6024.3	8800	8800	8800	8800	8800	8800	8800	1306.2	5263.7	8800	8800	8800	8800	8800	8800	8800	8800	8800	8800	8800	8800	8800	8800	8800	8800	8800	8800	8800	8800	8800	7764.4	5592.6	7424	8800	8800	8800	8800	8800	8800	8800	8800	8800	8800	8800	8800	8800	8800	8800	8800	8800
1213.4	1576.7	4411	4724.5	3977.3	8800	8800	8800	8800	8800	8800	8800	8800	2885.7	7112.2	8800	8800	8800	8800	8800	8800	8800	8800	8800	8800	8800	8800	8800	8800	7336.2	7237.4	8800	8800	8800	8800	8800	8800	8800	8800	8800	8800	8800	8800	8800	8800	8800	8800	8800	8800	8800	8800	8800	8800	8800	8800	8800	8800	8800	8800	8800	8800	8800	8800	8800	8800	8800	8800	8800	8800	8800	8800	8800	8800	8800	8800	8800	8800	8800	7872.2	4838.6	6424.7	8800	8800	8800	8800	8800	8800	8800	8800	8800	8800	8800	8800	8800	8800	8800	8800	8800	8800	8709.9
8800	8800	8800	8800	8800	8800	8800	8800	8800	8800	8800	8800	8800	8800	8800	8800	8800	8800	8800	8800	8800	8800	8800	8800	8800	8800	8800	8800	8800	8800	8800	8800	8800	8800	8800	8800	8800	8800	8800	8800	8800	8800	8800	8800	8800	8800	8800	8416.3	8800	7319.8	8800	8800	8800	8800	8800	8641.5	3923.9	5275.3	4043.6	3665.4	8800	8800	8800	8800	8800	8800	8800	8800	8800	8800	8800	8800	8800	8800	8800	8800	8800	8800	8800	8800	8800	8800	8800	8800	8800	8251.6	8800	8800	8800	8800	8800	3560.9	2213.8	4379.3	5210.1	5828.4	5329.5	4766.9	3126.3	3452.9
8800	8800	8800	8800	8800	8800	8800	8800	8800	8800	8800	8800	1817	7682.1	8206.8	7918.4	7758	6578.7	7180	8800	8800	8800	8800	8800	8800	8800	8800	8800	8800	8800	8800	8800	8800	8800	8800	8800	8800	8800	8395.8	6347.9	130.02	5033.7	8800	8800	8800	8800	8800	8800	8800	8800	8800	8800	8800	8800	8800	8800	8800	8800	8800	8800	8800	8800	8800	8800	8800	8800	8800	8800	8800	8800	8800	8800	8800	8800	8800	8800	8581.8	1670.6	7168.5	8800	8800	8800	8800	8800	8800	8800	8800	8800	8800	8800	8800	8800	8800	8800	8800	8800	8800	8800	8800	8800
937.16	4159.1	8800	8800	8800	8800	8800	8800	8800	8800	8800	8800	8800	8800	8800	8800	8800	8800	8800	8800	8800	8800	8800	5682.9	5599.3	4573.1	6293.7	8800	8800	8800	8800	8800	8800	8800	2669.8	7233.2	5398.6	8800	8800	8800	8800	8800	8800	8800	8800	7934.5	1134.2	6268	8800	8800	8800	8800	7178.7	1485.9	8006	8800	8800	8800	8800	8800	8800	8800	8800	8800	8800	8800	8800	8800	8800	8800	8800	8800	8800	8800	8800	8800	8800	8800	8800	8800	8800	8800	8800	8800	8800	8800	8800	8800	8800	8511.1	5129.4	7368.8	6752.3	5916.9	5262.4	6260	5195.4	4102.7	5398.3	5154.7
8800	6251.2	8800	8800	8800	8800	8800	706.48	4646.1	7242.8	8800	8800	8800	8800	8800	8800	8800	8800	8800	8800	8800	8800	5118.1	6581.2	8800	8800	8800	8800	8800	8800	8800	8800	8800	8800	8800	8800	8800	8800	8800	8800	8800	8800	8800	8800	8800	8800	8800	8800	8800	8800	8800	8800	8800	8800	8800	8800	8800	8800	8800	8800	8800	8800	8800	8800	8800	8800	8800	8800	8800	8800	8800	8800	8800	8800	8800	8800	8800	8800	8800	8800	8800	8800	8558.8	1908.1	6878.7	8800	8800	8800	8800	8800	8800	5810.2	7112.1	7613.8	7317.1	8800	8800	5115.1	4566.6	6409.6
